1011118734
1012750617
1023966380
1057816931
1071396216
1109645086
1119263433
1126252039
1136299297
1143422256
1167348028
1169575294
1176060079
1188732212
1201979630
1212054735
1216426149
1233365220
1234293850
1256035565
1260290709
1274036152
1286327257
1287858896
1300865995
1305613299
1309310157
1320785349
1343842056
1351741197
1357267175
1376916861
1386867196
1390559507
1400167640
1422937906
1423311011
14307143
1453887872
1490470610
1500563982
1501211721
1507732925
15176609
1526925117
1530349489
1542289786
1565563312
1569876041
1598614377
1612959587
1613065148
1624895249
1664412231
1669522980
1697265346
1697646903
1718170827
1718751037
172132009
1749308660
1758206513
1774118849
1787158322
180328331
1810644785
1820597171
1856272161
1905562569
1909745456
1915564511
1926736341
1931420336
1945168957
2000796987
2002285491
2029769819
2039347565
2045303295
2077010727
2095776723
2106234856
2114976183
2118949950
2148103146
2149695382
2177432890
2184368585
2191547550
2205749306
2223911060
2228637333
2238449931
2249176408
2253602956
2272295181
2287582141
231852538
2347573150
2352071750
2383858136
2387403003
2389895519
2403265485
2413424661
2413949905
2420573682
2443948400
2444511165
2446162728
2458822564
2473784150
2479929893
2488558902
2505102528
2512489110
2518204625
2533127929
2550213379
2565712200
2607039281
2607693005
2608392041
2610144616
2612827808
2718705628
2725508944
2748559480
2758403260
2763653632
2803022639
2810981432
2843100894
2863546356
2868938263
2870685877
2959160474
2971485120
2985907213
3004911406
3020937890
3034394467
3039573708
3039692548
3089816461
3104915708
3158992746
3163455797
3182233442
3205924312
3218961566
3253380664
3265816748
3286976805
3346395022
336957121
3384488245
3412951489
3435894410
3457408160
346998109
350168254
3517629990
3545982349
3609479742
3614515528
3659786340
3719723251
3721416413
3726770006
3748987619
3787369608
3789619508
3796733888
3829407709
3873608889
388356357
3903833517
3905793643
3924263825
3925028843
3935426148
3945118833
3957427207
3993291553
4007875508
4011383945
4043760366
4079067206
4111942450
4118629445
4155167818
4163108484
4178506229
4192252543
4207545527
4221231671
4236487028
4239476011
4242059966
4260892933
4274368186
446949987
449529006
450606232
463690696
463878708
463966964
473695948
475245132
4941686
494935566
543948901
557304145
559480190
572184559
575835784
587049550
630612718
643006213
650395643
653143871
659159228
659742381
683485580
756703860
828029361
828193011
873537288
887773604
892896822
894539329
910105285
927840450
941385202
943890458
95227584
956320585
966168310
979364411
