1000420576
1018442781
1045267120
1060033333
1075208985
1101314156
1114909128
1126127709
1129057970
1130130221
1149822685
1155766505
1160057394
1172322513
1175001756
1190450275
1193514027
1201645822
1202015959
1217877264
1228966872
1245483267
1268560660
1271011929
1275135884
1347647418
1385693489
1428527376
1431655632
1508976233
1568084445
1606142434
1633286599
1652925234
1656046390
16640324
1683685005
1702079819
1726310128
1726893408
1733082972
1772037312
1775710412
1784005160
1804195785
1817244455
1824265799
1832339018
1837487963
1858108595
1862439071
1866408254
1869114028
1887076167
1893247990
1933204273
1951472622
1954282421
1967079799
1979310002
1980877874
1983292983
2000397857
2003012402
2005186306
2010896350
2029429131
2034766767
2072825912
208226207
2104578496
2108892375
2125782738
2125859513
2129149188
2134792843
2144021820
2149595626
219452045
2201962462
2212953385
2220240389
2233459302
2245781167
2254677179
2263310187
2267144154
2304469172
2317095724
2323429644
2350996270
2364888388
2372415068
2376845273
2383136663
2422164000
2428134871
2444664874
2450886107
2486519467
2486839063
2492459928
2549246611
2559801815
2567419731
2572449383
2577488846
2590809126
2617297737
2624447123
2624842830
2654961545
2662935937
2695292612
2696456025
2697123328
272354103
2736763096
2738346369
274408364
2760258579
2769672239
2816444008
2830635565
2833080274
2836936012
2837142741
2856334298
2857006515
2909035770
2921646294
2935511815
2937847959
2938065338
294432452
2948516400
2956441083
2965345631
2970093498
2990112008
3007516246
3016185353
3036949015
3064232284
3067026470
311511850
3121136351
3148685892
3153454699
3170933767
3187960918
3208979785
3224290357
3247104169
3263035040
3312480702
3325079865
3332298244
3347415462
3368752137
3380652795
3386630064
3438266792
3440660434
3461018656
3472146761
3480580549
3508213905
3528408589
3541979082
3564438102
357400417
3614533427
3643021302
3647182076
3660873645
3661700092
3670335108
3675548495
3728019470
3771198809
3773899526
3805763475
3810230608
3841626760
3849470945
3874303009
3900710450
3920912921
3925612947
3929538833
3933378181
394557265
3947036086
3958018803
3959856524
3986781056
4005448119
400721611
4053246613
4070928883
4097393126
4099083578
4109040830
4127584609
4138471483
4147550362
4153567259
4163417567
419010502
419867138
4209273273
4215408242
4224036922
4245308709
448075726
492247026
534245818
536742308
582148941
597997729
607843398
613486523
61546701
616442230
653945057
659264314
669782544
671952558
677087170
686964754
688697895
700754685
753371342
759342946
763167424
776121227
776398610
77871242
783260891
808548707
852942485
859969192
880883361
887466876
936990191
938749166
947019328
952463035
960797464
972131728
98463376
984740315
988588381
998772767
